0.0 0.309 0.573 0.595 0.478 0.595 0.601 0.481 0.559
0.309 0.0 0.48 0.539 0.334 0.515 0.535 0.335 0.495
0.573 0.48 0.0 0.283 0.318 0.64 0.29 0.585 0.63
0.595 0.539 0.283 0.0 0.46 0.657 0.453 0.612 0.642
0.478 0.334 0.318 0.46 0.0 0.602 0.47 0.528 0.603
0.595 0.515 0.64 0.657 0.602 0.0 0.652 0.332 0.464
0.601 0.535 0.29 0.453 0.47 0.652 0.0 0.607 0.648
0.481 0.335 0.585 0.612 0.528 0.332 0.607 0.0 0.306
0.559 0.495 0.63 0.642 0.603 0.464 0.648 0.306 0.0

